计算机组成原理
1
1 3 2
0
教三楼 217
1 1 2
教三楼 217

数据库
1
1 7 2
0
教三楼 335
1 3 2
教三楼 217

计算机网络
2
2 1 2
5 3 2
0
教三楼 540
1 7 3
教三楼 540

毛泽东思想和中国特色社会主义理论体系概论
2
2 3 2
5 1 2
0
教三楼 217
2 3 2
教三楼 335

操作系统
1
2 8 2
0
教二楼 240
2 5 2
教三楼 335

形式语言与自动机
1
4 1 2
0
教三楼 333
2 7 3
教三楼 333

数字逻辑
1
4 7 2
0
教三楼 439
3 1 2
教三楼 217

情景英语
1
1 5 2
0
教一楼 302
3 5 2
教一楼 302

学术英语
1
1 5 2
0
教一楼 301
3 5 2
教一楼 301

商业英语
1
1 5 2
0
教一楼 303
3 5 2
教一楼 303

健美
1
3 3 2
0
体育馆 0
4 3 2
体育馆 0

游泳
1
3 3 2
0
游泳馆 0
4 3 2
游泳馆 0

排球
1
3 3 2
0
排球场 0
4 3 2
排球场 0

篮球
1
3 3 2
0
篮球场 0
4 3 2
篮球场 0

java
1
2 5 3
0
教三楼 335
4 7 2
教三楼 335

c++
1
5 7 3
0
教三楼 337
4 7 3
教三楼 337

形势与政策
1
1 1 2
3
7 8 9
教三楼 417
5 2 1
教三楼 417

计算计组成原理实验
1
4 5 2
6
4 6 8 10 12 14
教一楼 910
5 4 1
教一楼 910

计算机网络课程设计
1
5 5 2
1
5
教一楼 910
5 5 1
教一楼 910

数据库课程设计
1
3 1 2
3
1 4 8
教三楼 433
5 7 1
教三楼 433
